#PRIM   6 -1  1       100.9   1.000
#BEGIN_EVENT
         1   2   3   1   1         -13  0.37252012E+00 7306.     3466.    -5.125     -0.31975530E+00 -0.32414299E+00  0.10089258E+00  0.14549794E+05  0.32297272E+06        2212  0.10000000E+03  0.80766697E+00 -0.87310545E+02 -0.50634680E+02  0.10000000E+01
         1   1   3   1   1         -13  0.77466546E+00-646.0     604.2    -.7098E-01  0.16875584E+00 -0.78717956E+00 -0.34011343E+00  0.58432178E+03  0.29437603E+06        2212  0.10000000E+03  0.80766697E+00 -0.87310545E+02 -0.50634680E+02  0.10000000E+01
         1   1   3  -1  -1          13  0.60796326E+01 249.2    -161.8    -.1690E-01  0.19450492E+00 -0.52480771E+01 -0.32659645E+01  0.30560126E+02  0.29382228E+06        2212  0.10000000E+03  0.80766697E+00 -0.87310545E+02 -0.50634680E+02  0.10000000E+01
         1   2   3  -1  -1          13  0.56405499E+01 131.5    -299.4    -.1836E-01  0.23146827E+00 -0.48678031E+01 -0.30428059E+01  0.45392080E+02  0.30846831E+06        2212  0.10000000E+03  0.80766697E+00 -0.87310545E+02 -0.50634680E+02  0.10000000E+01
         1   3   3  -1  -1          13  0.51912637E+01 23.38    -399.5    -.2253E-01  0.25821255E+00 -0.44707623E+01 -0.28269837E+01  0.59549045E+02  0.31828603E+06        2212  0.10000000E+03  0.80766697E+00 -0.87310545E+02 -0.50634680E+02  0.10000000E+01
         1   4   3  -1  -1          13  0.47452464E+01-77.37    -488.5    -.2915E-01  0.29102677E+00 -0.40965872E+01 -0.25794177E+01  0.74677027E+02  0.32577344E+06        2212  0.10000000E+03  0.80766697E+00 -0.87310545E+02 -0.50634680E+02  0.10000000E+01
         1   1   4  -1   1         211  0.11696109E+02 436.7    -40.95    -.2505E-01 -0.12130270E+00 -0.10189998E+02 -0.60177249E+01  0.19597712E+02  0.29381131E+06        2212  0.10000000E+03  0.80766697E+00 -0.87310545E+02 -0.50634680E+02  0.10000000E+01
         1   2   3   1   1         -13  0.82915650E+01 539.8    -69.31    -.3319E-01 -0.17337384E+00 -0.72377648E+01 -0.42528708E+01  0.25135036E+02  0.30844806E+06        2212  0.10000000E+03  0.80766697E+00 -0.87310545E+02 -0.50634680E+02  0.10000000E+01
         1   3   3   1   1         -13  0.78358525E+01 620.6    -83.69    -.4072E-01 -0.17000787E+00 -0.68409549E+01 -0.40285078E+01  0.29812522E+02  0.31825628E+06        2212  0.10000000E+03  0.80766697E+00 -0.87310545E+02 -0.50634680E+02  0.10000000E+01
         1   4   3   1   1         -13  0.73881560E+01 690.9    -105.5    -.4827E-01 -0.19903838E+00 -0.64406221E+01 -0.38242476E+01  0.34586656E+02  0.32573334E+06        2212  0.10000000E+03  0.80766697E+00 -0.87310545E+02 -0.50634680E+02  0.10000000E+01
         1   1   3  -1  -1          13  0.40610270E+01 213.1    -120.4    -.1468E-01  0.17891393E+00 -0.35364092E+01 -0.21936061E+01  0.32272893E+02  0.29382400E+06        2212  0.10000000E+03  0.80766697E+00 -0.87310545E+02 -0.50634680E+02  0.10000000E+01
         1   1   3   1   1         -13  0.20386139E+01 997.7    -489.1    -.1064     -0.29540874E+00 -0.17215150E+01 -0.12392990E+01  0.26272025E+03  0.29405444E+06        2212  0.10000000E+03  0.80766697E+00 -0.87310545E+02 -0.50634680E+02  0.10000000E+01
         1   1   3   1   1         -13  0.38804301E+01 128.5     46.91    -.1145E-01  0.23273608E+00 -0.34669930E+01 -0.19502656E+01  0.40189724E+02  0.29383191E+06        2212  0.10000000E+03  0.80766697E+00 -0.87310545E+02 -0.50634680E+02  0.10000000E+01
         1   2   3   1   1         -13  0.34266154E+01-81.56     90.26    -.1115E-01  0.18843137E+00 -0.30575718E+01 -0.17554335E+01  0.63452280E+02  0.30848638E+06        2212  0.10000000E+03  0.80766697E+00 -0.87310545E+02 -0.50634680E+02  0.10000000E+01
         1   3   3   1   1         -13  0.29877266E+01-224.3     125.4    -.1516E-01  0.17828555E+00 -0.26939582E+01 -0.15062119E+01  0.80822042E+02  0.31830728E+06        2212  0.10000000E+03  0.80766697E+00 -0.87310545E+02 -0.50634680E+02  0.10000000E+01
         1   4   3   1   1         -13  0.25234915E+01-338.9     168.4    -.2121E-01  0.14369640E+00 -0.22994086E+01 -0.12622756E+01  0.97217804E+02  0.32579597E+06        2212  0.10000000E+03  0.80766697E+00 -0.87310545E+02 -0.50634680E+02  0.10000000E+01
         1   1   3   1   1         -13  0.13917399E+01 1377.    -891.2    -.2199     -0.39226514E+00 -0.10538639E+01 -0.98312689E+00  0.81322905E+03  0.29460494E+06        2212  0.10000000E+03  0.80766697E+00 -0.87310545E+02 -0.50634680E+02  0.10000000E+01
         1   1   3   1   1         -13  0.17517560E+01 333.7    -1335.    -.1579      0.17307692E-01 -0.12879934E+01 -0.13340166E+01  0.65472122E+03  0.29444644E+06        2212  0.10000000E+03  0.80766697E+00 -0.87310545E+02 -0.50634680E+02  0.10000000E+01
         1   2   3   1   1         -13  0.13337948E+01 371.5    -2588.    -.5447     -0.28557173E-01 -0.10035887E+01 -0.10260885E+01  0.12720007E+04  0.30969491E+06        2212  0.10000000E+03  0.80766697E+00 -0.87310545E+02 -0.50634680E+02  0.10000000E+01
#END_EVENT
#PRIM   6 -1  1       100.9   1.000
#BEGIN_EVENT
         2   1   3   1   1         -13  0.14511540E+01 1544.    -2230.    -.5856     -0.17594137E+00 -0.11972201E+01 -0.97376156E+00  0.81943167E+03  0.29461116E+06        2212  0.10000000E+03  0.80766697E+00 -0.87310545E+02 -0.50634680E+02  0.10000000E+01
         2   2   3   1   1         -13  0.96870249E+00 2168.    -2935.    -1.052     -0.19909589E+00 -0.81852330E+00 -0.65838379E+00  0.12062087E+04  0.30962912E+06        2212  0.10000000E+03  0.80766697E+00 -0.87310545E+02 -0.50634680E+02  0.10000000E+01
         2   1   3   1   1         -13  0.16922809E+02 570.7     28.04    -.3554E-01 -0.29308622E+00 -0.14737293E+02 -0.85254828E+01  0.23939726E+02  0.29381566E+06        2212  0.10000000E+03  0.80766697E+00 -0.87310545E+02 -0.50634680E+02  0.10000000E+01
         2   2   3   1   1         -13  0.16417850E+02 693.9     32.96    -.4778E-01 -0.38283156E+00 -0.14303562E+02 -0.82629754E+01  0.30072241E+02  0.30845300E+06        2212  0.10000000E+03  0.80766697E+00 -0.87310545E+02 -0.50634680E+02  0.10000000E+01
         2   3   3   1   1         -13  0.15962111E+02 787.6     34.95    -.5868E-01 -0.42744471E+00 -0.13908710E+02 -0.80328791E+01  0.35305720E+02  0.31826178E+06        2212  0.10000000E+03  0.80766697E+00 -0.87310545E+02 -0.50634680E+02  0.10000000E+01
         2   4   3   1   1         -13  0.15488829E+02 866.9     36.88    -.6900E-01 -0.45052499E+00 -0.13475331E+02 -0.78351379E+01  0.40208989E+02  0.32573897E+06        2212  0.10000000E+03  0.80766697E+00 -0.87310545E+02 -0.50634680E+02  0.10000000E+01
         2   1   3   1   1         -13  0.32144632E+01 848.4    -872.6    -.1259     -0.17686250E+00 -0.27641704E+01 -0.18276021E+01  0.15853201E+03  0.29395025E+06        2212  0.10000000E+03  0.80766697E+00 -0.87310545E+02 -0.50634680E+02  0.10000000E+01
         2   2   3   1   1         -13  0.27830146E+01 1114.    -1100.    -.2018     -0.14297245E+00 -0.24338946E+01 -0.15456349E+01  0.21375090E+03  0.30863666E+06        2212  0.10000000E+03  0.80766697E+00 -0.87310545E+02 -0.50634680E+02  0.10000000E+01
         2   1   3   1   1         -13  0.37674184E+00-78.35    -11.67    -.8251E-02  0.29747793E+00 -0.33236654E+00 -0.15028674E+00  0.42766555E+03  0.29421938E+06        2212  0.10000000E+03  0.80766697E+00 -0.87310545E+02 -0.50634680E+02  0.10000000E+01
         2   1   3  -1  -1          13  0.16394069E+01 280.1    -26.13    -.1605E-01 -0.24605900E+00 -0.15528286E+01 -0.74984645E+00  0.52723373E+02  0.29384444E+06        2212  0.10000000E+03  0.80766697E+00 -0.87310545E+02 -0.50634680E+02  0.10000000E+01
         2   1   3   1   1         -13  0.53731138E+00 200.1    -4.474    -.1303E-01  0.39972894E-01 -0.58399140E+00 -0.24413786E+00  0.61296171E+02  0.29385300E+06        2212  0.10000000E+03  0.80766697E+00 -0.87310545E+02 -0.50634680E+02  0.10000000E+01
         2   2   3   1   1         -13  0.17092636E+00 237.7     533.3    -.3665E-01 -0.12382263E-01 -0.22981166E+00 -0.11121563E+00  0.63757195E+03  0.30906050E+06        2212  0.10000000E+03  0.80766697E+00 -0.87310545E+02 -0.50634680E+02  0.10000000E+01
         2   1   3  -1  -1          13  0.22590308E+01 248.3    -78.37    -.1526E-01 -0.14593261E+00 -0.19582418E+01 -0.13132353E+01  0.39118383E+02  0.29383084E+06        2212  0.10000000E+03  0.80766697E+00 -0.87310545E+02 -0.50634680E+02  0.10000000E+01
         2   1   4   1  -1        -211  0.65643050E+01 222.1    -54.70    -.1409E-01  0.39894720E-01 -0.57934405E+01 -0.33699995E+01  0.32529270E+02  0.29382425E+06        2212  0.10000000E+03  0.80766697E+00 -0.87310545E+02 -0.50634680E+02  0.10000000E+01
         2   2   3  -1  -1          13  0.49986392E+01 242.7    -89.31    -.1523E-01  0.24849548E-01 -0.43795210E+01 -0.26195181E+01  0.36119074E+02  0.30845903E+06        2212  0.10000000E+03  0.80766697E+00 -0.87310545E+02 -0.50634680E+02  0.10000000E+01
         2   3   3  -1  -1          13  0.45262672E+01 239.2    -136.0    -.1593E-01  0.53225085E-01 -0.39626844E+01 -0.23953865E+01  0.39725372E+02  0.31826619E+06        2212  0.10000000E+03  0.80766697E+00 -0.87310545E+02 -0.50634680E+02  0.10000000E+01
         2   4   3  -1  -1          13  0.39755946E+01 224.1    -183.8    -.1658E-01  0.84352655E-01 -0.34810610E+01 -0.21261622E+01  0.43832409E+02  0.32574259E+06        2212  0.10000000E+03  0.80766697E+00 -0.87310545E+02 -0.50634680E+02  0.10000000E+01
         2   1   4  -1   1         211  0.33322879E+01 214.5    -60.71    -.1388E-01  0.11059494E+00 -0.29589986E+01 -0.18073195E+01  0.33596343E+02  0.29382531E+06        2212  0.10000000E+03  0.80766697E+00 -0.87310545E+02 -0.50634680E+02  0.10000000E+01
         2   2   3   1   1         -13  0.13971877E+01-78.34    -15.89    -.1046E-01  0.14165859E+00 -0.13063958E+01 -0.72155881E+00  0.97385161E+02  0.30852031E+06        2212  0.10000000E+03  0.80766697E+00 -0.87310545E+02 -0.50634680E+02  0.10000000E+01
         2   1   3   1   1         -13  0.44969576E+01 216.7    -56.85    -.1393E-01  0.11703846E+00 -0.39667053E+01 -0.23290485E+01  0.32714276E+02  0.29382444E+06        2212  0.10000000E+03  0.80766697E+00 -0.87310545E+02 -0.50634680E+02  0.10000000E+01
         2   2   3   1   1         -13  0.40473790E+01 166.9    -82.25    -.1271E-01  0.49592843E-01 -0.35779843E+01 -0.21052623E+01  0.38282061E+02  0.30846119E+06        2212  0.10000000E+03  0.80766697E+00 -0.87310545E+02 -0.50634680E+02  0.10000000E+01
         2   2   3   1   1         -13  0.33732696E+01 463.2    -188.4    -.2952E-01 -0.34365997E+00 -0.29775194E+01 -0.17629682E+01  0.20467532E+03  0.30862759E+06        2212  0.10000000E+03  0.80766697E+00 -0.87310545E+02 -0.50634680E+02  0.10000000E+01
         2   1   3  -1  -1          13  0.17594593E+01 209.3    -46.97    -.1359E-01  0.87421369E-01 -0.16231992E+01 -0.90834161E+00  0.35022147E+02  0.29382675E+06        2212  0.10000000E+03  0.80766697E+00 -0.87310545E+02 -0.50634680E+02  0.10000000E+01
         2   2   3  -1  -1          13  0.13595384E+01 6.296     52.79    -.1020E-01  0.10183364E+00 -0.12733921E+01 -0.70974778E+00  0.84713094E+02  0.30850762E+06        2212  0.10000000E+03  0.80766697E+00 -0.87310545E+02 -0.50634680E+02  0.10000000E+01
         2   3   3  -1  -1          13  0.95863157E+00-256.2     54.63    -.1532E-01  0.11331025E+00 -0.90021234E+00 -0.54619513E+00  0.16054031E+03  0.31838700E+06        2212  0.10000000E+03  0.80766697E+00 -0.87310545E+02 -0.50634680E+02  0.10000000E+01
         2   4   3  -1  -1          13  0.57475830E+00-419.2     97.83    -.2449E-01  0.48462268E-01 -0.59527866E+00 -0.30838062E+00  0.24146004E+03  0.32594022E+06        2212  0.10000000E+03  0.80766697E+00 -0.87310545E+02 -0.50634680E+02  0.10000000E+01
#END_EVENT
